0 271 0
0 371 0
0 506 0
0 834 0
3 506 0
3 801 0
3 984 0
6 295 0
6 469 0
6 766 0
6 827 0
11 268 0
11 747 0
13 136 0
20 252 0
20 586 0
21 738 0
28 180 0
28 284 0
30 216 0
47 789 0
64 336 0
75 254 0
81 781 0
152 369 0
221 378 0
258 389 0
280 975 0
298 860 0
307 372 0
390 918 0
394 794 0
467 618 0
515 665 0
614 740 0
0 319 1
0 777 1
0 792 1
0 844 1
3 326 1
3 680 1
16 551 1
18 660 1
21 306 1
21 685 1
28 126 1
28 211 1
34 371 1
35 463 1
65 641 1
65 771 1
73 374 1
75 378 1
86 164 1
101 655 1
157 981 1
206 909 1
237 282 1
239 399 1
246 532 1
253 462 1
699 957 1
0 273 2
0 409 2
0 553 2
0 709 2
0 917 2
0 962 2
0 985 2
1 606 2
3 409 2
3 634 2
3 901 2
6 69 2
13 443 2
13 549 2
13 774 2
18 328 2
19 832 2
21 350 2
21 793 2
23 267 2
31 193 2
37 244 2
75 457 2
86 443 2
116 540 2
126 933 2
131 293 2
178 604 2
283 767 2
297 711 2
298 535 2
336 404 2
338 617 2
350 561 2
385 585 2
394 437 2
434 700 2
465 711 2
717 758 2
0 10 3
0 634 3
0 730 3
0 862 3
3 226 3
3 668 3
3 874 3
4 331 3
6 405 3
6 506 3
6 586 3
9 541 3
11 746 3
21 49 3
21 729 3
25 307 3
35 860 3
39 106 3
39 831 3
40 539 3
43 802 3
47 430 3
62 626 3
64 801 3
71 105 3
75 754 3
160 598 3
164 334 3
174 308 3
178 191 3
261 890 3
313 535 3
359 488 3
457 795 3
489 613 3
494 780 3
582 731 3
0 200 4
0 214 4
0 333 4
0 804 4
0 939 4
1 244 4
1 592 4
3 283 4
3 425 4
3 949 4
6 112 4
6 379 4
6 726 4
6 749 4
6 898 4
7 256 4
16 100 4
16 326 4
16 670 4
22 290 4
41 338 4
100 545 4
122 846 4
244 364 4
329 645 4
350 496 4
379 704 4
423 473 4
453 812 4
522 642 4
649 658 4
837 992 4
0 193 5
0 468 5
0 660 5
0 761 5
0 770 5
0 818 5
0 919 5
1 254 5
3 463 5
3 565 5
3 962 5
6 213 5
6 488 5
11 851 5
12 684 5
12 749 5
13 169 5
13 335 5
15 855 5
20 868 5
20 991 5
21 510 5
22 846 5
23 634 5
27 653 5
34 738 5
35 199 5
57 108 5
62 998 5
121 628 5
162 916 5
185 397 5
250 275 5
265 925 5
308 772 5
371 906 5
384 666 5
521 870 5
576 675 5
0 50 6
0 356 6
0 670 6
3 492 6
3 853 6
4 494 6
4 913 6
6 355 6
7 172 6
9 273 6
14 725 6
16 662 6
21 457 6
26 367 6
28 65 6
28 874 6
54 960 6
55 555 6
62 125 6
99 822 6
116 943 6
210 615 6
216 246 6
223 893 6
262 488 6
331 451 6
751 882 6
871 940 6
916 980 6
0 163 7
0 295 7
0 541 7
0 557 7
0 664 7
0 982 7
3 227 7
3 542 7
3 819 7
3 959 7
6 645 7
11 488 7
19 493 7
22 50 7
28 789 7
31 163 7
51 445 7
62 504 7
70 887 7
140 433 7
158 728 7
163 373 7
163 389 7
228 996 7
275 305 7
345 490 7
409 507 7
452 610 7
456 508 7
0 52 8
0 127 8
0 173 8
0 418 8
3 317 8
3 384 8
6 442 8
6 593 8
6 753 8
6 960 8
12 675 8
13 133 8
21 61 8
21 84 8
22 262 8
24 917 8
26 223 8
28 475 8
28 671 8
34 143 8
43 646 8
94 616 8
170 301 8
225 753 8
418 484 8
437 897 8
533 769 8
534 653 8
608 668 8
659 662 8
844 954 8
0 76 9
0 206 9
0 387 9
0 476 9
0 519 9
0 895 9
1 687 9
3 158 9
3 215 9
3 280 9
3 300 9
3 658 9
3 947 9
6 30 9
13 232 9
18 296 9
19 336 9
21 133 9
21 604 9
31 784 9
34 435 9
35 375 9
62 468 9
83 757 9
142 351 9
187 472 9
247 859 9
397 630 9
596 614 9
617 972 9
0 169 10
0 248 10
0 338 10
0 479 10
0 492 10
0 502 10
1 87 10
3 112 10
3 343 10
3 695 10
4 163 10
6 7 10
6 115 10
6 684 10
9 190 10
9 603 10
11 670 10
12 105 10
12 539 10
13 114 10
13 390 10
15 94 10
20 156 10
21 118 10
23 253 10
37 665 10
52 494 10
89 993 10
216 570 10
250 995 10
265 485 10
265 498 10
276 674 10
349 890 10
684 765 10
0 100 11
0 308 11
0 410 11
0 801 11
1 838 11
3 50 11
3 213 11
3 268 11
3 494 11
3 714 11
3 872 11
6 54 11
11 957 11
13 829 11
22 307 11
34 457 11
34 685 11
35 298 11
56 430 11
80 184 11
80 991 11
91 827 11
121 203 11
178 569 11
207 590 11
286 291 11
312 730 11
331 552 11
371 544 11
450 952 11
540 967 11
0 5 12
0 114 12
0 290 12
0 488 12
0 588 12
3 302 12
3 475 12
3 554 12
3 888 12
3 919 12
6 100 12
6 291 12
6 887 12
6 916 12
15 307 12
18 137 12
21 43 12
21 164 12
28 155 12
29 90 12
34 41 12
34 544 12
34 754 12
35 410 12
54 670 12
83 419 12
87 274 12
109 282 12
161 923 12
161 925 12
167 549 12
187 429 12
209 808 12
275 420 12
326 662 12
328 750 12
470 906 12
512 716 12
0 137 13
0 226 13
0 484 13
0 675 13
1 338 13
2 402 13
3 14 13
3 69 13
3 70 13
3 131 13
3 405 13
3 586 13
3 653 13
3 868 13
6 64 13
6 145 13
6 286 13
9 130 13
21 435 13
27 534 13
37 49 13
43 510 13
44 955 13
80 257 13
80 817 13
90 909 13
121 669 13
135 237 13
181 455 13
195 347 13
257 444 13
409 760 13
818 894 13
0 905 14
0 930 14
1 519 14
3 52 14
3 145 14
3 150 14
3 211 14
3 636 14
3 964 14
4 845 14
6 572 14
6 748 14
7 570 14
11 379 14
11 855 14
13 502 14
13 544 14
13 555 14
21 142 14
40 684 14
47 578 14
54 156 14
160 664 14
168 856 14
187 810 14
254 803 14
300 996 14
505 878 14
517 832 14
0 419 15
0 775 15
0 832 15
0 880 15
0 893 15
3 312 15
6 227 15
6 356 15
6 446 15
6 584 15
7 959 15
9 27 15
13 931 15
15 303 15
21 34 15
22 303 15
25 261 15
41 646 15
54 295 15
54 662 15
64 819 15
98 107 15
169 973 15
185 366 15
244 478 15
665 729 15
0 9 16
0 236 16
0 304 16
0 334 16
0 391 16
0 551 16
0 742 16
0 749 16
0 850 16
1 335 16
3 609 16
3 907 16
3 988 16
4 573 16
6 195 16
6 239 16
12 71 16
13 33 16
15 890 16
20 279 16
21 424 16
21 761 16
42 885 16
52 997 16
61 142 16
85 792 16
87 793 16
144 705 16
194 264 16
204 238 16
235 319 16
270 511 16
330 975 16
338 973 16
370 375 16
478 759 16
1 502 17
1 810 17
3 11 17
3 59 17
3 115 17
3 558 17
3 954 17
4 880 17
6 20 17
6 215 17
6 317 17
6 988 17
8 540 17
13 217 17
14 446 17
16 295 17
22 229 17
35 155 17
75 803 17
175 402 17
371 470 17
892 951 17
0 326 18
0 390 18
0 475 18
0 680 18
0 790 18
3 209 18
3 260 18
3 867 18
7 30 18
11 359 18
11 846 18
14 872 18
25 890 18
47 357 18
49 434 18
86 723 18
93 126 18
110 406 18
113 529 18
166 982 18
228 843 18
280 330 18
283 871 18
443 732 18
486 641 18
536 698 18
0 125 19
0 161 19
0 335 19
3 271 19
3 372 19
3 430 19
3 905 19
3 945 19
6 952 19
11 311 19
13 285 19
13 569 19
15 438 19
22 890 19
28 298 19
35 325 19
37 278 19
39 550 19
41 111 19
49 467 19
53 203 19
54 215 19
65 419 19
67 608 19
121 455 19
152 493 19
161 222 19
209 312 19
242 499 19
286 594 19
377 787 19
668 799 19
677 932 19
699 752 19
722 811 19
0 172 20
0 483 20
0 540 20
0 589 20
0 725 20
0 853 20
0 902 20
1 778 20
3 308 20
3 535 20
3 599 20
3 797 20
6 116 20
6 130 20
6 537 20
13 107 20
13 385 20
13 483 20
19 517 20
21 973 20
29 762 20
35 842 20
50 251 20
56 574 20
68 858 20
69 277 20
120 171 20
155 477 20
167 737 20
180 542 20
216 532 20
239 840 20
250 420 20
494 880 20
583 652 20
931 977 20
0 28 21
0 158 21
0 215 21
0 302 21
1 371 21
2 337 21
3 240 21
3 355 21
3 550 21
6 67 21
6 609 21
6 792 21
6 853 21
7 216 21
13 79 21
13 754 21
15 846 21
20 670 21
20 817 21
21 891 21
35 47 21
35 370 21
43 338 21
43 483 21
64 399 21
75 221 21
328 597 21
455 852 21
473 696 21
559 794 21
0 6 22
0 195 22
0 336 22
0 668 22
0 791 22
0 814 22
0 877 22
1 107 22
1 333 22
1 924 22
3 35 22
3 313 22
6 166 22
6 649 22
13 278 22
13 794 22
19 64 22
20 384 22
28 430 22
28 580 22
30 645 22
34 530 22
37 434 22
41 400 22
41 973 22
62 709 22
64 70 22
67 492 22
69 612 22
72 294 22
92 195 22
114 500 22
167 394 22
240 247 22
660 804 22
0 78 23
0 192 23
0 318 23
0 430 23
0 539 23
0 662 23
0 867 23
0 948 23
1 774 23
3 124 23
3 259 23
6 9 23
6 128 23
6 280 23
8 753 23
15 867 23
18 503 23
34 829 23
42 392 23
173 594 23
234 622 23
257 619 23
258 962 23
307 984 23
333 778 23
338 972 23
354 672 23
379 456 23
392 523 23
414 568 23
487 963 23
613 907 23
0 83 24
0 510 24
0 720 24
0 769 24
0 901 24
0 988 24
1 61 24
3 410 24
3 541 24
3 777 24
9 23 24
11 159 24
11 339 24
13 977 24
14 503 24
15 50 24
21 447 24
21 742 24
22 836 24
28 248 24
31 66 24
32 376 24
34 723 24
34 729 24
37 729 24
41 138 24
55 98 24
62 904 24
103 204 24
160 436 24
249 282 24
278 800 24
294 719 24
0 69 25
0 321 25
0 556 25
0 558 25
0 959 25
3 28 25
3 438 25
3 594 25
6 11 25
6 907 25
9 439 25
9 886 25
13 802 25
16 760 25
23 273 25
28 357 25
28 375 25
34 86 25
42 189 25
93 797 25
94 200 25
101 711 25
118 829 25
209 343 25
223 599 25
386 535 25
562 899 25
779 976 25
0 155 26
0 315 26
0 317 26
0 800 26
3 381 26
3 503 26
6 150 26
6 159 26
6 773 26
11 887 26
20 922 26
21 723 26
28 533 26
34 118 26
34 467 26
34 515 26
39 531 26
42 776 26
49 802 26
58 551 26
72 667 26
75 546 26
125 139 26
205 787 26
244 383 26
267 634 26
298 325 26
0 14 27
0 139 27
0 216 27
0 279 27
0 357 27
1 278 27
1 544 27
1 917 27
3 660 27
3 993 27
4 692 27
6 399 27
11 302 27
13 144 27
15 321 27
19 404 27
21 87 27
37 138 27
41 910 27
65 126 27
97 778 27
106 499 27
369 493 27
471 577 27
650 818 27
722 766 27
0 164 28
0 691 28
0 808 28
1 548 28
1 589 28
1 802 28
3 789 28
3 952 28
6 819 28
6 886 28
9 657 28
11 826 28
13 43 28
13 55 28
16 166 28
17 175 28
21 169 28
21 390 28
21 794 28
28 224 28
34 37 28
35 574 28
35 636 28
37 906 28
44 123 28
54 160 28
56 177 28
57 907 28
64 368 28
72 643 28
118 782 28
131 210 28
257 279 28
272 406 28
279 317 28
369 926 28
373 651 28
373 663 28
394 900 28
474 881 28
696 703 28
0 637 29
0 771 29
0 957 29
3 570 29
3 751 29
3 763 29
3 893 29
4 343 29
5 716 29
6 339 29
6 713 29
6 846 29
11 868 29
13 78 29
13 178 29
13 921 29
13 961 29
19 152 29
19 195 29
23 59 29
28 131 29
30 532 29
32 985 29
39 293 29
46 704 29
53 121 29
64 271 29
78 530 29
84 810 29
170 742 29
175 432 29
210 679 29
214 380 29
216 527 29
274 740 29
308 997 29
317 565 29
356 708 29
418 875 29
496 697 29
509 991 29
598 879 29
619 623 29
0 188 30
0 268 30
3 120 30
3 307 30
3 309 30
3 713 30
4 236 30
4 997 30
9 599 30
11 832 30
14 804 30
15 993 30
21 338 30
21 394 30
29 204 30
34 244 30
34 761 30
35 903 30
41 447 30
65 475 30
79 232 30
95 584 30
106 486 30
143 761 30
166 398 30
188 549 30
205 415 30
221 457 30
327 491 30
344 961 30
360 535 30
434 646 30
436 598 30
507 773 30
882 889 30
0 17 31
0 254 31
0 276 31
0 398 31
0 774 31
0 965 31
1 136 31
1 723 31
1 738 31
3 200 31
3 572 31
3 692 31
3 704 31
6 200 31
6 225 31
6 695 31
6 987 31
8 225 31
20 326 31
21 378 31
21 472 31
37 111 31
39 211 31
39 282 31
62 340 31
80 444 31
82 977 31
87 335 31
100 431 31
101 465 31
174 787 31
228 916 31
252 280 31
327 357 31
429 472 31
687 809 31
0 105 32
0 107 32
0 262 32
0 347 32
0 645 32
0 961 32
1 154 32
1 795 32
3 6 32
3 30 32
3 356 32
3 420 32
6 256 32
8 213 32
11 975 32
12 770 32
13 479 32
17 354 32
21 219 32
21 434 32
28 550 32
35 313 32
47 727 32
53 388 32
60 292 32
88 643 32
175 287 32
209 901 32
214 671 32
345 411 32
349 365 32
385 421 32
397 516 32
429 810 32
557 571 32
673 737 32
0 13 33
0 87 33
0 323 33
0 533 33
0 576 33
0 803 33
0 851 33
0 910 33
1 164 33
1 622 33
1 977 33
3 199 33
3 251 33
6 190 33
7 609 33
11 586 33
15 200 33
20 537 33
20 747 33
21 530 33
31 426 33
41 483 33
79 154 33
115 588 33
115 634 33
131 971 33
136 146 33
154 502 33
173 256 33
221 546 33
278 467 33
504 709 33
521 575 33
560 625 33
0 760 34
1 604 34
3 282 34
3 721 34
12 119 34
12 748 34
20 85 34
20 184 34
20 551 34
34 665 34
40 748 34
42 523 34
44 548 34
61 961 34
70 452 34
73 903 34
101 297 34
126 412 34
147 518 34
200 438 34
224 976 34
236 552 34
275 844 34
316 934 34
336 506 34
355 537 34
435 479 34
0 182 35
0 329 35
0 599 35
1 921 35
3 155 35
3 427 35
3 488 35
3 566 35
11 215 35
13 82 35
13 333 35
13 948 35
15 262 35
41 49 35
51 905 35
66 520 35
71 684 35
93 531 35
100 851 35
132 735 35
298 375 35
460 615 35
0 15 36
0 284 36
0 285 36
0 504 36
0 530 36
0 570 36
0 595 36
0 618 36
1 800 36
3 31 36
3 214 36
3 493 36
3 855 36
5 158 36
6 173 36
6 492 36
6 503 36
9 425 36
13 687 36
13 778 36
21 828 36
22 359 36
25 94 36
28 106 36
28 679 36
35 73 36
35 535 36
35 727 36
37 41 36
38 804 36
62 939 36
69 988 36
93 147 36
97 182 36
137 441 36
173 570 36
181 519 36
192 393 36
222 396 36
242 361 36
324 556 36
380 671 36
432 941 36
725 898 36
845 902 36
0 145 37
0 467 37
0 489 37
0 706 37
0 923 37
1 685 37
3 65 37
3 256 37
3 667 37
3 840 37
6 612 37
6 959 37
11 195 37
12 576 37
16 922 37
21 143 37
21 948 37
27 584 37
28 380 37
43 133 37
43 424 37
44 53 37
51 756 37
110 979 37
155 327 37
183 713 37
233 683 37
236 331 37
383 435 37
501 875 37
547 983 37
0 72 38
0 296 38
0 427 38
0 521 38
0 572 38
0 584 38
0 695 38
0 721 38
0 868 38
0 964 38
1 510 38
2 354 38
2 672 38
3 311 38
6 539 38
14 38 38
19 427 38
28 214 38
28 313 38
40 119 38
41 278 38
71 119 38
75 118 38
78 738 38
106 873 38
110 272 38
141 176 38
145 328 38
162 228 38
179 977 38
192 883 38
240 557 38
250 358 38
313 860 38
536 730 38
634 775 38
684 748 38
0 65 39
0 293 39
0 313 39
0 379 39
0 434 39
0 449 39
0 555 39
0 646 39
1 43 39
1 710 39
6 105 39
6 523 39
6 570 39
8 116 39
17 941 39
19 583 39
21 111 39
21 795 39
22 200 39
28 410 39
33 385 39
34 169 39
37 43 39
39 65 39
39 641 39
40 770 39
52 787 39
70 830 39
81 96 39
87 299 39
124 824 39
129 139 39
156 226 39
167 306 39
172 192 39
190 314 39
211 348 39
237 249 39
274 316 39
371 434 39
389 513 39
397 774 39
423 997 39
483 910 39
607 866 39
0 407 40
0 622 40
0 686 40
0 810 40
3 319 40
3 525 40
3 551 40
3 747 40
3 987 40
6 8 40
6 493 40
13 53 40
13 530 40
15 22 40
15 251 40
21 802 40
34 278 40
37 447 40
41 521 40
41 742 40
57 635 40
75 78 40
113 337 40
116 967 40
127 134 40
139 422 40
201 354 40
233 324 40
233 589 40
271 801 40
291 744 40
321 593 40
345 743 40
381 857 40
382 487 40
383 543 40
0 459 41
0 554 41
0 573 41
0 864 41
1 435 41
1 447 41
3 15 41
3 105 41
3 130 41
3 225 41
3 520 41
3 842 41
3 985 41
4 784 41
4 813 41
6 231 41
9 59 41
13 434 41
13 738 41
13 850 41
15 91 41
15 150 41
15 957 41
18 145 41
21 188 41
35 124 41
39 679 41
39 797 41
82 931 41
89 91 41
92 469 41
99 745 41
332 378 41
506 525 41
587 866 41
693 935 41
718 978 41
788 832 41
814 869 41
0 118 42
0 144 42
0 175 42
0 227 42
0 312 42
0 526 42
0 586 42
0 797 42
0 915 42
0 947 42
1 114 42
3 16 42
3 76 42
3 163 42
3 431 42
3 769 42
11 16 42
11 280 42
12 719 42
16 695 42
28 641 42
37 338 42
51 695 42
55 710 42
57 489 42
67 153 42
84 863 42
95 534 42
167 559 42
173 532 42
211 679 42
272 979 42
284 448 42
295 318 42
318 638 42
406 928 42
534 584 42
778 955 42
0 89 43
0 141 43
0 156 43
0 157 43
0 180 43
0 217 43
0 432 43
0 565 43
0 827 43
0 840 43
1 829 43
2 432 43
3 386 43
3 560 43
3 663 43
3 827 43
3 885 43
3 997 43
14 60 43
19 260 43
20 54 43
21 544 43
28 199 43
30 198 43
30 594 43
55 107 43
59 547 43
140 845 43
471 838 43
0 120 44
0 146 44
0 166 44
0 359 44
0 446 44
0 603 44
3 407 44
3 887 44
6 945 44
11 450 44
12 766 44
13 371 44
16 567 44
22 526 44
29 950 44
30 959 44
31 474 44
40 105 44
99 718 44
126 648 44
169 338 44
170 186 44
173 216 44
203 562 44
320 361 44
330 936 44
335 514 44
450 932 44
514 600 44
570 645 44
916 946 44
0 22 45
0 62 45
0 106 45
1 133 45
3 12 45
3 771 45
4 730 45
6 267 45
6 625 45
13 203 45
19 487 45
28 860 45
34 973 45
41 802 45
52 780 45
57 74 45
83 109 45
141 311 45
205 377 45
239 832 45
313 370 45
316 614 45
468 743 45
481 597 45
596 934 45
637 877 45
648 693 45
0 228 46
0 327 46
0 341 46
0 346 46
0 435 46
0 690 46
0 826 46
0 913 46
1 471 46
1 705 46
1 803 46
1 908 46
1 910 46
3 100 46
3 231 46
3 419 46
3 469 46
6 664 46
9 653 46
11 89 46
11 91 46
11 484 46
11 704 46
13 387 46
14 137 46
15 526 46
21 917 46
62 833 46
164 217 46
195 701 46
240 277 46
250 844 46
253 588 46
316 793 46
360 386 46
367 937 46
0 131 47
0 138 47
0 203 47
0 224 47
0 310 47
0 370 47
0 452 47
0 490 47
0 748 47
0 949 47
0 969 47
3 172 47
3 846 47
6 89 47
6 712 47
16 851 47
18 872 47
21 157 47
28 293 47
35 789 47
39 132 47
44 778 47
50 141 47
56 155 47
93 475 47
118 738 47
153 322 47
193 692 47
262 526 47
0 303 48
0 592 48
0 593 48
0 878 48
0 952 48
3 94 48
3 296 48
3 523 48
4 962 48
6 714 48
6 888 48
11 431 48
15 227 48
16 586 48
21 863 48
23 115 48
27 886 48
29 101 48
36 103 48
39 224 48
44 121 48
54 128 48
61 642 48
67 668 48
110 953 48
126 531 48
138 521 48
142 344 48
163 962 48
167 212 48
167 921 48
214 764 48
257 868 48
267 657 48
346 521 48
427 746 48
470 911 48
520 736 48
702 724 48
784 964 48
0 355 49
0 376 49
0 507 49
0 653 49
0 714 49
1 138 49
3 725 49
3 851 49
3 916 49
6 725 49
7 645 49
9 560 49
12 714 49
14 145 49
16 226 49
19 840 49
21 178 49
37 510 49
43 972 49
64 887 49
74 296 49
97 123 49
98 168 49
137 503 49
160 960 49
173 286 49
193 352 49
207 627 49
208 339 49
210 211 49
297 476 49
345 998 49
553 647 49
577 820 49
0 142 50
0 916 50
1 203 50
3 190 50
3 286 50
3 878 50
4 209 50
6 489 50
8 967 50
11 760 50
20 317 50
22 25 50
29 909 50
33 733 50
34 424 50
37 972 50
52 895 50
59 273 50
65 106 50
78 234 50
84 429 50
173 959 50
286 554 50
336 849 50
734 843 50
0 59 51
0 454 51
0 679 51
0 955 51
1 232 51
3 137 51
3 141 51
3 375 51
3 573 51
3 637 51
3 662 51
3 670 51
4 721 51
5 552 51
6 119 51
6 855 51
11 326 51
11 996 51
16 621 51
21 569 51
29 711 51
52 415 51
68 823 51
80 567 51
121 852 51
124 199 51
144 606 51
147 428 51
193 538 51
241 402 51
244 759 51
313 360 51
325 629 51
328 442 51
650 724 51
0 309 52
0 431 52
0 590 52
0 922 52
0 972 52
3 902 52
4 433 52
4 901 52
5 573 52
6 840 52
9 117 52
12 72 52
13 21 52
13 685 52
14 18 52
15 141 52
16 20 52
16 339 52
16 868 52
19 887 52
20 295 52
28 637 52
34 78 52
58 280 52
101 476 52
130 806 52
131 533 52
178 620 52
215 326 52
232 924 52
240 988 52
247 277 52
361 876 52
385 733 52
743 791 52
0 16 53
0 101 53
0 253 53
0 606 53
0 671 53
0 763 53
1 182 53
3 267 53
3 379 53
5 331 53
6 391 53
11 50 53
13 157 53
13 955 53
21 646 53
39 126 53
61 522 53
62 791 53
80 922 53
216 329 53
228 734 53
275 995 53
334 723 53
417 813 53
0 374 54
0 463 54
1 564 54
3 321 54
3 418 54
7 173 54
11 70 54
21 138 54
21 443 54
21 559 54
21 624 54
25 984 54
28 535 54
31 964 54
34 732 54
34 828 54
36 288 54
38 459 54
43 434 54
60 725 54
72 719 54
100 878 54
131 235 54
140 209 54
191 687 54
228 965 54
330 551 54
390 563 54
413 466 54
577 838 54
586 670 54
699 707 54
0 20 55
0 42 55
0 162 55
0 260 55
0 340 55
0 649 55
0 855 55
0 997 55
1 378 55
2 113 55
6 565 55
6 634 55
14 276 55
16 975 55
34 75 55
52 174 55
60 898 55
63 76 55
68 969 55
101 950 55
148 874 55
236 573 55
244 435 55
260 336 55
270 553 55
328 481 55
473 997 55
550 637 55
574 789 55
859 988 55
0 639 56
0 702 56
0 863 56
0 925 56
1 21 56
3 109 56
3 336 56
3 359 56
3 588 56
6 583 56
6 943 56
9 253 56
13 154 56
13 424 56
13 457 56
15 699 56
16 862 56
21 274 56
24 142 56
28 542 56
47 327 56
56 727 56
79 908 56
91 993 56
104 833 56
126 797 56
138 346 56
140 207 56
150 302 56
155 578 56
254 754 56
298 313 56
304 403 56
396 923 56
410 842 56
423 461 56
423 656 56
0 954 57
0 980 57
3 216 57
3 584 57
4 777 57
6 517 57
6 599 57
6 760 57
7 532 57
11 517 57
12 269 57
13 394 57
13 606 57
13 740 57
13 910 57
15 488 57
35 56 57
37 973 57
57 406 57
86 828 57
132 293 57
134 940 57
173 645 57
184 826 57
191 202 57
207 845 57
245 306 57
250 954 57
308 587 57
319 533 57
329 570 57
341 970 57
486 873 57
606 821 57
0 503 58
0 535 58
0 562 58
0 652 58
0 794 58
3 649 58
3 862 58
6 216 58
6 336 58
11 162 58
11 506 58
11 593 58
13 87 58
14 489 58
20 80 58
21 810 58
22 196 58
24 948 58
44 333 58
50 846 58
52 102 58
62 139 58
64 404 58
79 136 58
100 208 58
116 713 58
144 230 58
155 835 58
161 265 58
192 966 58
257 623 58
345 468 58
365 890 58
379 720 58
418 501 58
434 483 58
587 607 58
0 375 59
0 493 59
1 563 59
1 740 59
3 32 59
4 312 59
4 520 59
4 552 59
11 166 59
18 81 59
20 280 59
28 39 59
28 132 59
28 771 59
34 646 59
39 637 59
56 789 59
57 296 59
63 822 59
106 148 59
109 135 59
110 528 59
115 130 59
210 460 59
344 768 59
345 709 59
511 647 59
0 40 60
0 230 60
0 339 60
0 388 60
0 439 60
1 324 60
1 569 60
1 678 60
2 287 60
3 207 60
3 746 60
4 308 60
6 551 60
7 594 60
11 819 60
13 44 60
13 146 60
13 245 60
19 92 60
20 128 60
34 254 60
34 510 60
34 972 60
55 387 60
62 650 60
87 917 60
115 263 60
131 224 60
137 790 60
177 574 60
485 925 60
613 841 60
0 29 61
0 191 61
0 233 61
0 291 61
0 362 61
0 517 61
0 549 61
0 716 61
0 735 61
1 78 61
3 71 61
3 391 61
3 749 61
3 792 61
4 31 61
6 72 61
6 404 61
6 532 61
11 94 61
11 226 61
11 551 61
13 138 61
18 804 61
37 371 61
50 311 61
75 685 61
98 218 61
224 779 61
260 427 61
285 502 61
289 979 61
308 656 61
374 903 61
411 650 61
448 580 61
511 553 61
569 620 61
581 597 61
0 1 62
0 94 62
0 126 62
0 209 62
0 256 62
0 399 62
0 724 62
0 766 62
0 833 62
0 872 62
1 388 62
1 390 62
3 20 62
3 764 62
6 94 62
6 326 62
6 804 62
11 295 62
13 254 62
13 733 62
14 353 62
15 89 62
21 244 62
28 947 62
31 962 62
54 586 62
60 865 62
62 104 62
75 266 62
124 566 62
131 735 62
228 300 62
244 371 62
262 359 62
276 712 62
292 865 62
364 478 62
588 601 62
619 868 62
684 770 62
0 231 63
0 424 63
0 604 63
0 713 63
0 732 63
0 778 63
0 831 63
0 981 63
0 987 63
1 646 63
3 404 63
3 671 63
3 708 63
4 193 63
4 207 63
6 868 63
6 967 63
11 251 63
11 919 63
17 201 63
21 622 63
30 173 63
41 43 63
42 649 63
51 760 63
55 168 63
71 770 63
100 505 63
138 255 63
173 661 63
174 205 63
175 241 63
215 295 63
263 267 63
263 634 63
272 953 63
435 678 63
444 567 63
454 595 63
596 793 63
703 854 63
783 848 63
0 12 64
0 41 64
0 104 64
0 198 64
0 286 64
0 612 64
0 692 64
0 780 64
0 781 64
0 946 64
1 10 64
1 41 64
1 169 64
3 40 64
3 922 64
6 431 64
6 905 64
9 267 64
11 922 64
18 446 64
22 984 64
28 370 64
31 777 64
34 546 64
34 802 64
40 766 64
54 355 64
97 333 64
152 926 64
173 291 64
196 303 64
216 645 64
242 243 64
305 805 64
349 807 64
411 743 64
557 888 64
619 938 64
653 949 64
707 957 64
763 796 64
0 178 65
0 402 65
0 537 65
0 874 65
0 890 65
1 111 65
3 91 65
3 293 65
3 603 65
3 826 65
4 663 65
6 42 65
11 801 65
13 510 65
14 781 65
41 169 65
80 826 65
126 693 65
131 550 65
174 415 65
221 254 65
252 975 65
257 938 65
315 609 65
331 716 65
390 754 65
412 531 65
427 583 65
437 900 65
450 677 65
631 913 65
0 404 66
0 491 66
0 566 66
0 609 66
0 641 66
0 888 66
0 907 66
0 975 66
0 996 66
1 955 66
3 358 66
3 376 66
3 532 66
6 251 66
6 652 66
9 127 66
11 200 66
11 418 66
13 218 66
13 440 66
14 888 66
15 159 66
21 906 66
21 961 66
26 112 66
35 309 66
39 680 66
54 598 66
74 635 66
79 146 66
80 509 66
84 715 66
106 320 66
126 475 66
200 495 66
248 947 66
275 954 66
481 581 66
489 841 66
691 833 66
734 965 66
820 838 66
0 38 67
0 136 67
0 328 67
0 710 67
0 738 67
1 233 67
1 479 67
1 973 67
3 517 67
3 967 67
4 5 67
6 310 67
6 594 67
34 157 67
39 735 67
40 71 67
44 388 67
125 129 67
236 716 67
272 289 67
312 536 67
474 777 67
0 35 68
0 159 68
0 615 68
0 743 68
0 813 68
1 754 68
1 981 68
3 72 68
3 224 68
3 253 68
3 269 68
3 277 68
3 645 68
3 996 68
6 719 68
6 975 68
9 263 68
12 40 68
12 231 68
13 646 68
16 280 68
19 70 68
21 245 68
35 327 68
39 109 68
87 740 68
89 270 68
179 931 68
313 386 68
414 628 68
441 503 68
619 922 68
649 885 68
0 19 69
0 583 69
0 723 69
0 754 69
1 146 69
3 357 69
3 788 69
13 182 69
19 704 69
24 774 69
69 605 69
74 953 69
80 938 69
89 159 69
142 961 69
240 612 69
293 706 69
626 904 69
801 819 69
0 381 70
0 384 70
0 737 70
0 739 70
0 740 70
2 175 70
2 941 70
3 315 70
3 450 70
3 940 70
6 560 70
6 801 70
13 519 70
13 723 70
14 605 70
18 907 70
21 335 70
24 61 70
34 443 70
39 120 70
41 972 70
49 111 70
101 690 70
131 615 70
162 996 70
257 567 70
344 351 70
517 788 70
552 573 70
0 21 71
0 234 71
0 594 71
0 705 71
0 788 71
1 394 71
1 521 71
3 67 71
3 236 71
3 398 71
3 641 71
3 760 71
3 784 71
3 813 71
3 903 71
11 100 71
11 982 71
13 521 71
20 58 71
21 114 71
28 463 71
32 151 71
39 131 71
39 771 71
43 111 71
44 182 71
87 798 71
146 408 71
167 794 71
186 742 71
212 956 71
222 923 71
283 940 71
289 406 71
377 415 71
412 797 71
455 628 71
623 868 71
0 68 72
0 113 72
0 130 72
0 433 72
0 658 72
1 733 72
3 291 72
3 982 72
9 26 72
9 584 72
11 150 72
13 338 72
13 350 72
13 378 72
13 447 72
20 664 72
21 803 72
29 206 72
50 122 72
62 743 72
64 239 72
69 240 72
134 541 72
145 872 72
153 492 72
175 194 72
181 414 72
221 754 72
257 922 72
261 365 72
281 603 72
326 659 72
343 901 72
389 962 72
404 686 72
489 907 72
0 53 73
0 121 73
0 232 73
0 344 73
0 685 73
0 940 73
1 157 73
1 562 73
1 761 73
3 19 73
3 770 73
3 805 73
6 14 73
6 137 73
6 302 73
6 605 73
6 662 73
6 704 73
6 862 73
7 315 73
9 940 73
11 279 73
13 761 73
16 545 73
19 304 73
21 167 73
21 740 73
36 204 73
54 664 73
62 454 73
83 282 73
88 269 73
146 154 73
244 434 73
253 341 73
258 579 73
284 580 73
313 375 73
359 815 73
368 832 73
469 914 73
532 591 73
0 43 74
0 211 74
0 251 74
0 267 74
0 277 74
0 350 74
0 542 74
0 809 74
0 886 74
1 863 74
3 63 74
3 295 74
3 716 74
13 669 74
21 910 74
30 570 74
34 378 74
74 406 74
80 279 74
87 600 74
185 774 74
434 510 74
436 664 74
512 930 74
702 818 74
865 989 74
0 496 75
0 523 75
0 552 75
0 909 75
0 998 75
1 53 75
1 118 75
1 217 75
1 234 75
3 38 75
3 339 75
3 652 75
6 12 75
6 260 75
15 984 75
19 819 75
21 829 75
24 350 75
28 48 75
28 739 75
31 389 75
34 338 75
38 660 75
54 226 75
61 948 75
64 832 75
78 118 75
135 282 75
141 990 75
216 959 75
249 680 75
297 825 75
307 855 75
329 959 75
332 717 75
411 468 75
412 644 75
509 817 75
622 786 75
0 4 76
0 70 76
0 115 76
0 325 76
0 400 76
0 931 76
1 350 76
1 816 76
3 932 76
6 658 76
11 427 76
13 710 76
28 615 76
39 533 76
45 193 76
121 458 76
134 582 76
180 248 76
267 572 76
278 802 76
343 913 76
393 883 76
471 592 76
851 999 76
0 109 77
0 132 77
0 133 77
1 121 77
1 700 77
2 323 77
3 193 77
6 328 77
11 317 77
13 435 77
14 42 77
20 215 77
21 78 77
21 700 77
21 972 77
24 397 77
28 381 77
33 994 77
34 111 77
47 56 77
54 85 77
75 157 77
133 447 77
163 258 77
228 602 77
254 457 77
298 386 77
411 986 77
0 85 78
0 605 78
0 620 78
0 667 78
0 782 78
1 142 78
1 202 78
1 555 78
1 850 78
3 7 78
3 279 78
3 580 78
4 964 78
9 893 78
11 662 78
13 179 78
13 678 78
13 810 78
21 665 78
24 344 78
28 120 78
28 735 78
31 45 78
53 548 78
58 975 78
75 738 78
92 310 78
105 722 78
121 519 78
153 639 78
215 670 78
289 953 78
301 742 78
328 446 78
379 785 78
461 656 78
486 942 78
798 917 78
0 520 79
0 708 79
0 795 79
0 971 79
1 530 79
1 809 79
3 106 79
6 16 79
6 398 79
6 893 79
6 922 79
13 121 79
13 559 79
14 69 79
14 612 79
16 51 79
16 279 79
16 826 79
19 801 79
21 24 79
21 483 79
24 185 79
26 281 79
47 574 79
150 449 79
164 814 79
221 453 79
254 390 79
550 751 79
0 11 80
0 425 80
0 559 80
0 560 80
0 650 80
0 764 80
0 819 80
9 283 80
13 924 80
21 254 80
28 124 80
30 291 80
37 483 80
39 580 80
41 170 80
44 97 80
49 244 80
64 840 80
78 157 80
107 555 80
114 981 80
230 839 80
275 805 80
316 596 80
0 270 81
0 324 81
0 343 81
0 450 81
0 531 81
0 921 81
0 941 81
0 967 81
0 973 81
0 984 81
1 334 81
1 424 81
3 119 81
3 380 81
9 634 81
11 227 81
13 548 81
13 705 81
13 908 81
16 409 81
21 234 81
21 397 81
23 190 81
26 893 81
55 218 81
65 797 81
67 799 81
76 413 81
95 653 81
141 150 81
163 663 81
175 264 81
175 941 81
178 687 81
215 537 81
215 586 81
229 632 81
260 506 81
308 461 81
320 876 81
376 896 81
489 755 81
958 968 81
0 3 82
0 550 82
0 561 82
0 773 82
0 784 82
0 802 82
3 331 82
3 605 82
6 279 82
6 359 82
6 603 82
7 149 82
13 118 82
13 981 82
14 296 82
18 57 82
21 620 82
34 910 82
73 611 82
78 654 82
80 747 82
115 439 82
200 836 82
296 391 82
331 512 82
575 676 82
724 958 82
868 922 82
0 283 83
0 358 83
0 711 83
0 719 83
0 945 83
1 434 83
1 742 83
1 961 83
3 5 83
3 162 83
3 611 83
3 804 83
6 172 83
6 867 83
11 469 83
15 359 83
19 469 83
21 774 83
22 165 83
27 95 83
30 329 83
58 252 83
62 345 83
65 120 83
88 363 83
161 498 83
174 997 83
216 837 83
242 876 83
256 259 83
270 647 83
326 681 83
328 480 83
571 888 83
0 91 84
0 278 84
0 443 84
0 471 84
0 687 84
0 746 84
0 903 84
1 931 84
3 9 84
3 328 84
3 489 84
3 593 84
3 612 84
3 832 84
6 156 84
6 226 84
6 269 84
6 296 84
6 418 84
11 271 84
13 604 84
13 737 84
14 660 84
28 309 84
35 357 84
35 430 84
50 227 84
55 929 84
63 99 84
65 83 84
67 639 84
72 88 84
122 251 84
142 948 84
186 301 84
420 944 84
517 919 84
0 149 85
0 202 85
0 700 85
0 789 85
3 228 85
3 446 85
3 739 85
6 19 85
6 51 85
6 409 85
6 450 85
15 311 85
21 41 85
26 599 85
31 520 85
43 278 85
62 422 85
65 381 85
70 682 85
83 381 85
104 691 85
121 181 85
131 132 85
145 446 85
202 741 85
240 395 85
240 888 85
254 332 85
261 349 85
308 423 85
426 783 85
516 630 85
584 653 85
650 702 85
677 952 85
832 919 85
0 213 86
0 394 86
0 438 86
0 842 86
0 892 86
1 387 86
1 483 86
1 794 86
3 799 86
3 845 86
3 975 86
8 987 86
13 973 86
17 323 86
20 960 86
28 35 86
28 282 86
29 655 86
37 169 86
54 220 86
64 517 86
64 919 86
65 93 86
65 531 86
74 110 86
84 472 86
127 541 86
130 439 86
133 424 86
164 723 86
320 499 86
374 611 86
0 134 87
0 190 87
0 225 87
0 422 87
0 673 87
0 733 87
0 908 87
0 932 87
3 89 87
3 735 87
4 780 87
5 813 87
6 427 87
11 867 87
14 649 87
14 712 87
17 672 87
18 38 87
20 567 87
21 212 87
21 549 87
35 374 87
116 183 87
131 319 87
136 232 87
161 396 87
167 342 87
239 368 87
239 524 87
406 979 87
465 690 87
617 973 87
674 712 87
0 259 88
0 494 88
0 678 88
0 838 88
0 904 88
3 77 88
3 132 88
3 159 88
3 273 88
3 325 88
3 730 88
3 748 88
3 880 88
6 368 88
9 112 88
21 86 88
21 754 88
26 603 88
28 797 88
34 49 88
35 491 88
43 169 88
78 685 88
106 242 88
106 874 88
115 253 88
118 640 88
167 219 88
207 721 88
215 355 88
215 662 88
242 320 88
274 614 88
345 650 88
387 564 88
481 750 88
608 799 88
844 927 88
0 154 89
0 442 89
0 563 89
0 712 89
0 829 89
0 836 89
3 347 89
3 557 89
6 329 89
6 763 89
13 164 89
13 191 89
13 334 89
13 620 89
14 907 89
15 290 89
19 379 89
20 975 89
21 561 89
21 673 89
26 560 89
28 531 89
34 43 89
34 138 89
46 379 89
62 490 89
90 206 89
106 120 89
106 915 89
167 245 89
225 987 89
312 808 89
351 961 89
421 585 89
432 864 89
557 612 89
627 845 89
714 847 89
843 912 89
0 240 90
0 244 90
0 626 90
0 684 90
0 704 90
1 191 90
3 126 90
3 166 90
6 85 90
6 770 90
6 826 90
11 15 90
20 662 90
20 826 90
21 521 90
22 94 90
22 488 90
28 764 90
41 510 90
127 283 90
154 285 90
173 329 90
210 224 90
297 465 90
339 407 90
364 383 90
376 985 90
396 482 90
504 998 90
710 929 90
734 916 90
801 887 90
0 282 91
0 457 91
0 611 91
3 706 91
3 780 91
4 140 91
6 40 91
6 321 91
6 507 91
6 851 91
8 67 91
13 234 91
14 898 91
15 593 91
18 781 91
247 988 91
250 805 91
280 551 91
364 759 91
368 919 91
383 678 91
411 791 91
486 915 91
505 920 91
724 818 91
0 67 92
0 150 92
0 265 92
0 497 92
0 663 92
0 845 92
1 13 92
1 669 92
2 17 92
3 173 92
3 195 92
3 284 92
3 329 92
3 368 92
3 531 92
3 766 92
5 236 92
6 162 92
6 240 92
6 315 92
6 832 92
7 329 92
11 20 92
15 372 92
18 489 92
19 506 92
29 36 92
34 434 92
41 467 92
62 691 92
64 583 92
84 187 92
134 283 92
140 312 92
226 418 92
312 416 92
331 930 92
368 517 92
0 420 93
0 498 93
0 548 93
0 580 93
1 457 93
1 600 93
1 737 93
3 83 93
3 533 93
3 844 93
4 52 93
6 653 93
6 670 93
8 713 93
8 799 93
11 493 93
21 278 93
26 425 93
35 611 93
44 850 93
47 155 93
70 271 93
72 405 93
115 267 93
244 646 93
253 763 93
427 652 93
471 633 93
614 861 93
787 895 93
823 969 93
0 2 94
0 39 94
0 544 94
0 950 94
1 443 94
3 4 94
3 250 94
6 660 94
6 799 94
11 321 94
11 993 94
13 917 94
28 842 94
31 663 94
34 234 94
34 447 94
43 49 94
51 409 94
62 595 94
78 114 94
110 635 94
116 689 94
143 891 94
167 188 94
195 310 94
235 533 94
271 887 94
282 680 94
292 725 94
298 370 94
331 573 94
946 980 94
0 207 95
0 337 95
0 631 95
0 762 95
0 993 95
1 144 95
1 972 95
3 719 95
3 886 95
6 91 95
11 19 95
11 336 95
11 565 95
19 382 95
19 464 95
21 371 95
21 737 95
28 319 95
37 646 95
37 802 95
43 447 95
53 497 95
59 983 95
94 836 95
104 626 95
106 641 95
119 539 95
260 583 95
274 793 95
343 631 95
364 435 95
423 772 95
570 959 95
715 863 95
0 31 96
0 119 96
0 269 96
0 331 96
0 393 96
0 532 96
0 633 96
0 983 96
1 561 96
3 537 96
3 539 96
3 552 96
3 895 96
6 50 96
6 746 96
11 720 96
13 188 96
14 356 96
28 109 96
34 906 96
39 475 96
39 915 96
49 278 96
54 537 96
120 771 96
131 211 96
291 554 96
391 688 96
411 694 96
454 834 96
473 703 96
689 943 96
0 7 97
0 111 97
0 307 97
0 314 97
0 846 97
0 887 97
0 924 97
1 188 97
1 397 97
1 798 97
2 864 97
3 64 97
3 583 97
3 615 97
3 664 97
3 712 97
5 417 97
6 540 97
11 92 97
11 310 97
13 700 97
16 905 97
20 792 97
25 200 97
29 690 97
34 483 97
39 284 97
79 924 97
80 868 97
100 339 97
162 362 97
473 854 97
651 974 97
652 746 97
0 30 98
0 32 98
0 311 98
0 368 98
0 378 98
0 380 98
0 480 98
0 977 98
1 559 98
1 620 98
1 948 98
3 85 98
3 684 98
6 271 98
6 276 98
13 388 98
15 268 98
20 226 98
21 921 98
23 572 98
28 903 98
34 891 98
47 463 98
65 109 98
72 269 98
82 179 98
109 419 98
114 157 98
163 651 98
201 672 98
214 739 98
230 606 98
234 530 98
254 378 98
317 401 98
321 867 98
345 504 98
414 455 98
650 892 98
753 987 98
855 884 98
0 171 99
0 405 99
0 469 99
0 569 99
0 636 99
0 799 99
0 883 99
0 898 99
3 310 99
3 898 99
3 957 99
4 716 99
6 70 99
6 253 99
6 268 99
6 283 99
6 940 99
6 993 99
9 115 99
11 184 99
13 111 99
13 622 99
13 972 99
19 46 99
21 515 99
24 87 99
28 680 99
37 515 99
52 308 99
64 260 99
65 757 99
69 888 99
105 766 99
141 268 99
155 197 99
167 673 99
335 600 99
394 559 99
483 624 99
